167 55 ChalkboardSE
32	0	0	0	0	0	-10	22 55 SPACE
33	0	360	13	43	2	15	15 55 EXCLAMATION MARK
34	249	481	22	20	2	10	25 55 QUOTATION MARK
35	426	221	46	45	0	15	44 55 NUMBER SIGN
36	0	61	32	55	2	8	32 55 DOLLAR SIGN
37	467	0	45	49	2	10	45 55 PERCENT SIGN
38	14	360	41	43	1	15	39 55 AMPERSAND
39	491	381	11	21	1	10	11 55 APOSTROPHE
40	286	0	20	57	0	10	18 55 LEFT PARENTHESIS
41	348	0	20	56	0	10	18 55 RIGHT PARENTHESIS
42	73	481	29	28	1	7	28 55 ASTERISK
43	233	404	31	34	1	25	30 55 PLUS SIGN
44	215	481	16	21	0	44	15 55 COMMA
45	450	481	27	11	1	37	27 55 HYPHEN-MINUS
46	435	481	14	13	3	45	17 55 FULL STOP
47	460	61	29	53	2	9	30 55 SOLIDUS
48	349	269	34	44	0	15	32 55 DIGIT ZERO
49	86	360	21	43	7	15	32 55 DIGIT ONE
50	384	269	30	44	3	14	32 55 DIGIT TWO
51	56	360	29	43	3	15	32 55 DIGIT THREE
52	415	269	33	44	1	15	32 55 DIGIT FOUR
53	108	360	30	43	3	15	32 55 DIGIT FIVE
54	139	360	31	43	3	14	32 55 DIGIT SIX
55	171	360	34	43	0	16	32 55 DIGIT SEVEN
56	0	269	32	45	2	14	32 55 DIGIT EIGHT
57	449	269	31	44	1	15	32 55 DIGIT NINE
58	151	447	14	32	2	26	16 55 COLON
59	111	404	16	36	4	26	20 55 SEMICOLON
60	0	447	26	33	0	25	24 55 LESS-THAN SIGN
61	132	481	29	22	1	31	27 55 EQUALS SIGN
62	27	447	26	33	1	25	25 55 GREATER-THAN SIGN
63	206	360	28	43	-1	15	25 55 QUESTION MARK
64	151	171	45	47	1	13	45 55 COMMERCIAL AT
65	0	315	39	44	0	14	36 55 LATIN CAPITAL LETTER A
66	40	315	33	44	0	14	32 55 LATIN CAPITAL LETTER B
67	74	315	34	44	1	15	33 55 LATIN CAPITAL LETTER C
68	109	315	38	44	-1	15	36 55 LATIN CAPITAL LETTER D
69	459	360	31	42	1	15	31 55 LATIN CAPITAL LETTER E
70	481	269	30	44	0	15	28 55 LATIN CAPITAL LETTER F
71	473	221	39	45	0	14	37 55 LATIN CAPITAL LETTER G
72	148	315	37	44	1	14	35 55 LATIN CAPITAL LETTER H
73	0	404	24	42	2	15	25 55 LATIN CAPITAL LETTER I
74	186	315	37	44	-2	15	31 55 LATIN CAPITAL LETTER J
75	235	360	33	43	1	15	33 55 LATIN CAPITAL LETTER K
76	269	360	31	43	1	15	29 55 LATIN CAPITAL LETTER L
77	224	315	49	44	0	15	46 55 LATIN CAPITAL LETTER M
78	274	315	36	44	1	14	37 55 LATIN CAPITAL LETTER N
79	33	269	40	45	1	14	40 55 LATIN CAPITAL LETTER O
80	192	221	35	46	0	13	32 55 LATIN CAPITAL LETTER P
81	315	117	43	49	1	13	42 55 LATIN CAPITAL LETTER Q
82	228	221	36	46	0	13	35 55 LATIN CAPITAL LETTER R
83	301	360	33	43	2	16	33 55 LATIN CAPITAL LETTER S
84	311	315	36	44	-1	15	32 55 LATIN CAPITAL LETTER T
85	335	360	35	43	3	15	37 55 LATIN CAPITAL LETTER U
86	371	360	38	43	0	15	36 55 LATIN CAPITAL LETTER V
87	74	269	57	45	-1	14	55 55 LATIN CAPITAL LETTER W
88	348	315	38	44	2	14	37 55 LATIN CAPITAL LETTER X
89	387	315	36	44	-1	14	33 55 LATIN CAPITAL LETTER Y
90	72	404	38	41	1	17	37 55 LATIN CAPITAL LETTER Z
91	33	61	18	55	2	10	18 55 LEFT SQUARE BRACKET
92	60	117	30	51	1	10	29 55 REVERSE SOLIDUS
93	52	61	18	55	0	10	17 55 RIGHT SQUARE BRACKET
94	335	481	26	18	2	8	27 55 CIRCUMFLEX ACCENT
95	198	447	44	11	-3	53	35 55 LOW LINE
96	362	481	20	18	0	11	17 55 GRAVE ACCENT
97	54	447	31	33	1	25	30 55 LATIN SMALL LETTER A
98	132	269	30	45	2	13	31 55 LATIN SMALL LETTER B
99	265	404	29	34	1	24	28 55 LATIN SMALL LETTER C
100	163	269	31	45	-1	13	29 55 LATIN SMALL LETTER D
101	86	447	31	33	1	25	29 55 LATIN SMALL LETTER E
102	197	171	27	47	2	11	24 55 LATIN SMALL LETTER F
103	265	221	30	46	1	26	29 55 LATIN SMALL LETTER G
104	424	315	29	44	2	14	30 55 LATIN SMALL LETTER H
105	454	315	12	44	2	14	14 55 LATIN SMALL LETTER I
106	490	61	22	52	-1	14	22 55 LATIN SMALL LETTER J
107	195	269	30	45	2	13	30 55 LATIN SMALL LETTER K
108	499	117	13	46	3	13	17 55 LATIN SMALL LETTER L
109	295	404	41	34	1	24	41 55 LATIN SMALL LETTER M
110	337	404	28	34	2	24	29 55 LATIN SMALL LETTER N
111	366	404	31	34	0	25	27 55 LATIN SMALL LETTER O
112	225	171	29	47	2	25	30 55 LATIN SMALL LETTER P
113	255	171	29	47	1	25	29 55 LATIN SMALL LETTER Q
114	398	404	28	34	1	24	25 55 LATIN SMALL LETTER R
115	206	404	26	35	0	24	24 55 LATIN SMALL LETTER S
116	226	269	25	45	3	13	26 55 LATIN SMALL LETTER T
117	166	447	31	32	1	25	30 55 LATIN SMALL LETTER U
118	427	404	29	34	-1	25	26 55 LATIN SMALL LETTER V
119	457	404	42	34	1	24	40 55 LATIN SMALL LETTER W
120	173	404	32	35	1	24	31 55 LATIN SMALL LETTER X
121	296	221	32	46	0	24	30 55 LATIN SMALL LETTER Y
122	118	447	32	33	0	25	30 55 LATIN SMALL LETTER Z
123	41	0	22	59	0	8	19 55 LEFT CURLY BRACKET
124	71	61	11	55	3	8	14 55 VERTICAL LINE
125	64	0	22	59	0	8	20 55 RIGHT CURLY BRACKET
126	383	481	34	15	3	15	36 55 TILDE
161	361	221	13	46	5	21	20 55 INVERTED EXCLAMATION MARK
169	429	171	47	47	3	13	50 55 COPYRIGHT SIGN
171	37	481	35	30	1	21	35 55 LEFT-POINTING DOUBLE ANGLE QUOTATION MARK
174	380	171	48	47	2	13	49 55 REGISTERED SIGN
176	491	360	20	20	3	11	22 55 DEGREE SIGN
183	418	481	16	15	3	29	19 55 MIDDLE DOT
187	0	481	36	31	0	21	35 55 RIGHT-POINTING DOUBLE ANGLE QUOTATION MARK
191	477	171	28	47	3	21	30 55 INVERTED QUESTION MARK
192	204	0	40	58	-1	0	36 55 LATIN CAPITAL LETTER A WITH GRAVE
193	87	0	40	59	-1	-1	36 55 LATIN CAPITAL LETTER A WITH ACUTE
194	307	0	40	57	-1	1	36 55 LATIN CAPITAL LETTER A WITH CIRCUMFLEX
196	83	61	40	55	-1	3	36 55 LATIN CAPITAL LETTER A WITH DIAERESIS
197	351	61	40	54	-1	4	36 55 LATIN CAPITAL LETTER A WITH RING ABOVE
199	169	0	34	58	1	15	33 55 LATIN CAPITAL LETTER C WITH CEDILLA
200	410	0	31	56	2	1	31 55 LATIN CAPITAL LETTER E WITH GRAVE
201	392	61	31	54	2	3	31 55 LATIN CAPITAL LETTER E WITH ACUTE
202	161	61	31	55	2	2	31 55 LATIN CAPITAL LETTER E WITH CIRCUMFLEX
203	0	117	31	53	2	4	31 55 LATIN CAPITAL LETTER E WITH DIAERESIS
204	442	0	24	56	2	1	25 55 LATIN CAPITAL LETTER I WITH GRAVE
205	193	61	24	55	2	2	25 55 LATIN CAPITAL LETTER I WITH ACUTE
206	218	61	24	55	2	2	25 55 LATIN CAPITAL LETTER I WITH CIRCUMFLEX
207	32	117	27	53	2	4	25 55 LATIN CAPITAL LETTER I WITH DIAERESIS
209	124	61	36	55	1	3	37 55 LATIN CAPITAL LETTER N WITH TILDE
210	0	0	40	60	1	-1	40 55 LATIN CAPITAL LETTER O WITH GRAVE
211	128	0	40	59	1	0	40 55 LATIN CAPITAL LETTER O WITH ACUTE
212	245	0	40	58	1	1	40 55 LATIN CAPITAL LETTER O WITH CIRCUMFLEX
214	369	0	40	56	1	3	40 55 LATIN CAPITAL LETTER O WITH DIAERESIS
217	315	61	35	55	3	3	37 55 LATIN CAPITAL LETTER U WITH GRAVE
218	243	61	35	55	3	3	37 55 LATIN CAPITAL LETTER U WITH ACUTE
219	279	61	35	55	3	3	37 55 LATIN CAPITAL LETTER U WITH CIRCUMFLEX
220	424	61	35	54	3	4	37 55 LATIN CAPITAL LETTER U WITH DIAERESIS
223	312	269	36	45	0	14	35 55 LATIN SMALL LETTER SHARP S
224	155	117	31	50	1	8	30 55 LATIN SMALL LETTER A WITH GRAVE
225	359	117	31	49	1	9	30 55 LATIN SMALL LETTER A WITH ACUTE
226	391	117	31	49	1	9	30 55 LATIN SMALL LETTER A WITH CIRCUMFLEX
228	25	171	31	48	1	10	30 55 LATIN SMALL LETTER A WITH DIAERESIS
229	187	117	31	50	1	8	30 55 LATIN SMALL LETTER A WITH RING ABOVE
231	57	171	29	48	1	24	28 55 LATIN SMALL LETTER C WITH CEDILLA
232	91	117	32	51	1	7	29 55 LATIN SMALL LETTER E WITH GRAVE
233	219	117	32	50	1	8	29 55 LATIN SMALL LETTER E WITH ACUTE
234	423	117	32	49	1	9	29 55 LATIN SMALL LETTER E WITH CIRCUMFLEX
235	87	171	31	48	1	10	29 55 LATIN SMALL LETTER E WITH DIAERESIS
236	478	117	20	49	-1	9	15 55 LATIN SMALL LETTER I WITH GRAVE
237	456	117	21	49	-1	9	15 55 LATIN SMALL LETTER I WITH ACUTE
238	0	171	24	49	-2	9	18 55 LATIN SMALL LETTER I WITH CIRCUMFLEX
239	252	269	26	45	-3	12	18 55 LATIN SMALL LETTER I WITH DIAERESIS
241	285	171	30	47	1	11	29 55 LATIN SMALL LETTER N WITH TILDE
242	124	117	30	51	3	8	31 55 LATIN SMALL LETTER O WITH GRAVE
243	252	117	30	50	3	9	31 55 LATIN SMALL LETTER O WITH ACUTE
244	283	117	31	50	2	9	30 55 LATIN SMALL LETTER O WITH CIRCUMFLEX
246	316	171	31	47	2	12	31 55 LATIN SMALL LETTER O WITH DIAERESIS
249	348	171	31	47	4	10	33 55 LATIN SMALL LETTER U WITH GRAVE
250	329	221	31	46	4	11	33 55 LATIN SMALL LETTER U WITH ACUTE
251	119	171	31	48	3	9	33 55 LATIN SMALL LETTER U WITH CIRCUMFLEX
252	279	269	32	45	1	12	33 55 LATIN SMALL LETTER U WITH DIAERESIS
338	375	221	50	46	2	13	50 55 LATIN CAPITAL LIGATURE OE
339	128	404	44	36	1	23	43 55 LATIN SMALL LIGATURE OE
8211	478	481	31	11	3	32	34 55 EN DASH
8216	272	481	16	20	1	9	16 55 LEFT SINGLE QUOTATION MARK
8217	232	481	16	21	0	8	15 55 RIGHT SINGLE QUOTATION MARK
8218	289	481	16	20	2	46	18 55 SINGLE LOW-9 QUOTATION MARK
8220	162	481	26	22	1	8	25 55 LEFT DOUBLE QUOTATION MARK
8221	189	481	25	22	2	8	26 55 RIGHT DOUBLE QUOTATION MARK
8222	306	481	28	20	2	46	30 55 DOUBLE LOW-9 QUOTATION MARK
8226	103	481	28	28	0	23	25 55 BULLET
8679	410	360	48	43	3	15	52 55 UPWARDS WHITE ARROW
8984	467	315	43	44	4	14	48 55 PLACE OF INTEREST SIGN
8997	25	404	46	42	4	15	51 55 OPTION KEY
9398	0	221	47	47	2	13	49 55 CIRCLED LATIN CAPITAL LETTER A
9399	48	221	47	47	2	13	49 55 CIRCLED LATIN CAPITAL LETTER B
9421	96	221	47	47	2	13	49 55 CIRCLED LATIN CAPITAL LETTER X
9422	144	221	47	47	2	13	49 55 CIRCLED LATIN CAPITAL LETTER Y
1435
32 65 -4.0
32 84 -5.0
32 86 -5.0
32 87 -4.0
32 89 -4.0
32 8220 -8.0
34 50 -2.0
34 52 -6.0
34 54 -4.0
34 55 1.0
34 65 -5.0
34 67 -2.0
34 68 2.0
34 71 -2.0
34 79 -3.0
34 81 -2.0
34 82 2.0
34 83 -1.0
34 84 2.0
34 87 1.0
34 89 2.0
34 97 -6.0
34 99 -3.0
34 100 -4.0
34 101 -2.0
34 102 -2.0
34 103 -3.0
34 106 -5.0
34 107 1.0
34 111 -3.0
34 113 -3.0
34 115 -3.0
34 116 -3.0
34 117 -3.0
36 50 -3.0
36 51 -2.0
36 53 -2.0
36 56 -1.0
36 57 -1.0
39 100 -2.0
39 109 -2.0
40 65 5.0
40 67 -3.0
40 79 -3.0
40 81 -3.0
40 83 -2.0
40 85 -2.0
40 86 2.0
40 87 3.0
40 89 2.0
40 97 -3.0
40 99 -2.0
40 100 -1.0
40 101 -2.0
40 102 -3.0
40 103 -2.0
40 106 4.0
40 110 -2.0
40 111 -2.0
40 113 -2.0
40 114 -2.0
40 115 -2.0
40 116 -4.0
40 117 -2.0
40 118 -2.0
40 119 -2.0
40 120 -2.0
40 121 -2.0
41 65 7.0
41 67 3.0
41 68 4.0
41 69 2.0
41 70 3.0
41 71 3.0
41 72 3.0
41 73 2.0
41 74 4.0
41 75 4.0
41 76 3.0
41 77 3.0
41 79 3.0
41 80 4.0
41 81 3.0
41 82 2.0
41 83 2.0
41 85 4.0
41 86 4.0
41 87 4.0
41 89 3.0
41 90 3.0
41 97 3.0
41 98 2.0
41 99 4.0
41 100 5.0
41 101 4.0
41 103 3.0
41 104 3.0
41 105 3.0
41 106 3.0
41 107 3.0
41 108 4.0
41 109 4.0
41 110 3.0
41 111 5.0
41 112 3.0
41 113 4.0
41 114 4.0
41 115 3.0
41 116 2.0
41 117 4.0
41 118 4.0
41 119 4.0
41 120 3.0
41 121 3.0
41 122 5.0
42 44 -8.0
42 46 -8.0
42 59 -6.0
42 65 -2.0
42 66 3.0
42 67 -2.0
42 68 2.0
42 69 1.0
42 70 1.0
42 71 -3.0
42 72 1.0
42 73 1.0
42 74 2.0
42 75 2.0
42 76 2.0
42 77 2.0
42 78 2.0
42 79 -2.0
42 80 2.0
42 81 -2.0
42 82 2.0
42 83 -1.0
42 84 2.0
42 85 2.0
42 86 2.0
42 87 2.0
42 88 1.0
42 89 2.0
42 90 1.0
42 97 -6.0
42 98 2.0
42 99 -3.0
42 100 -2.0
42 101 -2.0
42 102 -2.0
42 103 -2.0
42 104 2.0
42 105 1.0
42 106 -5.0
42 107 1.0
42 108 2.0
42 109 2.0
42 110 2.0
42 111 -5.0
42 112 -2.0
42 113 -4.0
42 114 -2.0
42 115 -2.0
42 116 -4.0
42 117 -3.0
42 118 -2.0
42 119 -4.0
42 120 -3.0
42 121 -2.0
42 122 2.0
44 49 2.0
44 50 -2.0
44 54 -2.0
44 55 -3.0
44 74 2.0
44 81 -2.0
44 86 -3.0
44 87 -2.0
44 8217 -3.0
44 8221 -8.0
45 48 3.0
45 50 -3.0
45 51 -4.0
45 53 -3.0
45 55 -4.0
45 68 -2.0
45 74 -3.0
45 84 -6.0
45 86 -2.0
45 87 -2.0
45 88 -7.0
45 89 -4.0
45 98 -3.0
45 100 2.0
45 102 -2.0
45 118 -2.0
45 121 -2.0
46 32 -3.0
46 46 -5.0
46 50 -2.0
46 51 -2.0
46 52 -2.0
46 54 -1.0
46 55 -2.0
46 57 -3.0
46 67 -2.0
46 79 -2.0
46 81 -2.0
46 86 -4.0
46 87 -3.0
46 89 -5.0
46 98 -2.0
46 99 -2.0
46 101 -2.0
46 102 -4.0
46 107 -3.0
46 108 -2.0
46 109 -2.0
46 110 -2.0
46 111 -2.0
46 112 -3.0
46 113 -2.0
46 114 -2.0
46 115 -1.0
46 117 -3.0
46 118 -6.0
46 119 -4.0
46 120 -2.0
46 121 -5.0
46 8217 -5.0
46 8221 -10.0
47 47 -11.0
47 48 -3.0
47 49 -3.0
47 50 -8.0
47 51 -7.0
47 52 -9.0
47 53 -6.0
47 54 -10.0
47 55 -3.0
47 56 -5.0
47 57 -6.0
47 65 -6.0
47 66 -2.0
47 67 -4.0
47 69 -2.0
47 71 -5.0
47 72 -2.0
47 73 -3.0
47 75 -2.0
47 76 -4.0
47 77 -4.0
47 79 -6.0
47 80 -2.0
47 81 -4.0
47 82 -2.0
47 83 -7.0
47 84 -2.0
47 85 -3.0
47 86 -2.0
47 87 -2.0
47 88 -3.0
47 90 -3.0
47 97 -8.0
47 98 -3.0
47 99 -7.0
47 100 -6.0
47 101 -8.0
47 102 -4.0
47 103 -8.0
47 104 -2.0
47 105 -2.0
47 107 -4.0
47 108 -3.0
47 109 -5.0
47 110 -7.0
47 111 -8.0
47 112 -7.0
47 113 -9.0
47 114 -7.0
47 115 -4.0
47 116 -7.0
47 117 -8.0
47 118 -6.0
47 119 -5.0
47 120 -8.0
47 121 -5.0
47 122 -7.0
48 44 -3.0
48 45 2.0
48 46 -2.0
48 47 -4.0
48 48 1.0
48 71 4.0
48 72 4.0
48 77 4.0
48 92 -4.0
49 34 -3.0
49 47 -2.0
49 50 -2.0
49 54 -3.0
49 77 2.0
49 92 -4.0
50 46 1.0
50 47 -2.0
50 52 -1.0
50 71 1.0
50 77 3.0
50 92 -2.0
51 44 -3.0
51 46 -2.0
51 47 -6.0
51 50 -3.0
51 77 1.0
51 92 -4.0
52 34 -3.0
52 44 -2.0
52 45 1.0
52 47 -4.0
52 53 -3.0
52 55 -2.0
52 77 3.0
52 92 -6.0
53 44 -3.0
53 47 -4.0
53 54 -2.0
53 71 1.0
53 77 2.0
53 92 -3.0
54 34 -3.0
54 45 2.0
54 47 -3.0
54 55 -2.0
54 71 2.0
54 77 2.0
54 92 -4.0
55 34 2.0
55 44 -8.0
55 45 -7.0
55 46 -9.0
55 47 -9.0
55 48 -2.0
55 52 -4.0
55 54 -4.0
55 56 -2.0
55 71 -1.0
56 47 -3.0
56 71 1.0
56 77 3.0
56 92 -2.0
57 44 -5.0
57 46 -3.0
57 47 -6.0
57 51 -3.0
57 92 -2.0
58 51 -2.0
59 32 -3.0
65 34 -4.0
65 41 -3.0
65 42 -8.0
65 45 1.0
65 46 -1.0
65 59 -3.0
65 71 1.0
65 74 3.0
65 79 1.0
65 80 2.0
65 81 2.0
65 84 -3.0
65 85 -2.0
65 86 -2.0
65 87 -2.0
65 89 -1.0
65 93 -3.0
65 98 -1.0
65 99 -1.0
65 102 -1.0
65 106 1.0
65 111 2.0
65 116 -1.0
65 118 -1.0
65 125 -2.0
65 187 1.0
65 339 -1.0
65 8216 -8.0
65 8217 -7.0
65 8220 -11.0
65 8221 -9.0
66 41 -3.0
66 42 -1.0
66 44 -4.0
66 45 -1.0
66 46 -4.0
66 59 -3.0
66 79 -1.0
66 85 -1.0
66 8216 -4.0
66 8217 -1.0
66 8218 -5.0
66 8220 -4.0
66 8221 -3.0
66 8222 -4.0
67 42 1.0
67 44 -3.0
67 46 -3.0
67 59 -3.0
67 68 2.0
67 82 2.0
67 88 -1.0
67 8218 -4.0
67 8222 -3.0
68 41 -3.0
68 44 -6.0
68 45 -1.0
68 46 -4.0
68 47 -2.0
68 59 -2.0
68 65 -2.0
68 85 -2.0
68 86 -1.0
68 87 -1.0
68 89 -2.0
68 101 -1.0
68 8216 -5.0
68 8218 -4.0
68 8220 -5.0
68 8222 -5.0
69 44 -2.0
69 45 -2.0
69 59 -2.0
69 67 -1.0
69 79 -1.0
69 8218 -2.0
70 41 -2.0
70 42 1.0
70 44 -10.0
70 45 -1.0
70 46 -10.0
70 47 -6.0
70 59 -3.0
70 65 -2.0
70 84 2.0
70 89 4.0
70 97 -4.0
70 101 -2.0
70 106 -6.0
70 111 -3.0
70 114 -1.0
70 8217 2.0
70 8218 -10.0
70 8220 2.0
71 41 -3.0
71 42 -1.0
71 44 -3.0
71 45 -2.0
71 46 -4.0
71 47 -2.0
71 59 -2.0
71 88 -2.0
72 42 1.0
72 44 -2.0
72 45 3.0
72 47 -2.0
72 59 -2.0
72 8218 -3.0
72 8220 -2.0
72 8222 -3.0
73 42 1.0
73 44 -4.0
73 45 -3.0
73 46 -4.0
73 47 -2.0
73 59 -2.0
73 84 1.0
73 97 -1.0
73 99 -1.0
73 100 -1.0
73 101 -1.0
73 103 -1.0
73 111 -1.0
73 115 -1.0
73 119 -1.0
73 171 -3.0
73 339 -1.0
73 8217 1.0
74 41 1.0
74 42 3.0
74 44 -8.0
74 45 -3.0
74 46 -6.0
74 47 -5.0
74 59 -8.0
74 65 -1.0
74 70 3.0
74 93 2.0
74 97 -2.0
74 101 -2.0
74 111 -2.0
74 117 -1.0
74 8221 1.0
75 34 -2.0
75 41 -3.0
75 42 -2.0
75 44 -2.0
75 45 -6.0
75 59 -2.0
75 67 -2.0
75 71 -2.0
75 79 -2.0
75 85 -1.0
75 101 -1.0
75 111 -1.0
75 117 -1.0
75 121 -3.0
76 34 -12.0
76 41 -2.0
76 42 -7.0
76 45 -5.0
76 59 -2.0
76 67 -3.0
76 71 -2.0
76 74 3.0
76 79 -2.0
76 81 -2.0
76 84 -5.0
76 85 -2.0
76 86 -3.0
76 87 -2.0
76 89 -2.0
76 91 2.0
76 93 -2.0
76 97 -2.0
76 121 -3.0
76 171 -1.0
76 8216 -3.0
76 8217 -8.0
76 8220 -3.0
76 8221 -11.0
77 41 2.0
77 42 -2.0
77 45 -3.0
77 52 2.0
77 59 -2.0
77 67 -1.0
77 71 -1.0
77 85 -2.0
77 86 -2.0
77 87 -2.0
77 91 3.0
77 93 -2.0
77 111 2.0
77 125 2.0
77 171 -1.0
77 8216 -3.0
77 8217 -3.0
77 8220 -3.0
77 8221 -3.0
78 42 1.0
78 44 -3.0
78 46 -3.0
78 59 -3.0
78 91 3.0
78 93 2.0
78 97 -1.0
78 101 -1.0
78 111 -1.0
78 171 -2.0
78 339 -1.0
78 8216 1.0
78 8220 1.0
79 34 -2.0
79 41 -4.0
79 42 -1.0
79 44 -7.0
79 45 -1.0
79 46 -6.0
79 47 -6.0
79 59 -3.0
79 65 -1.0
79 66 -2.0
79 85 -1.0
79 88 -4.0
79 89 -2.0
79 90 -2.0
79 91 3.0
79 93 -2.0
79 101 -1.0
79 8216 -3.0
79 8221 -1.0
80 41 -2.0
80 42 2.0
80 44 -8.0
80 45 -2.0
80 46 -8.0
80 47 -4.0
80 59 -4.0
80 65 -3.0
80 93 -2.0
80 97 -4.0
80 101 -1.0
80 103 -1.0
80 111 -1.0
80 114 -1.0
80 115 -1.0
80 171 -2.0
80 339 -1.0
80 8216 -2.0
80 8220 -2.0
81 34 -3.0
81 42 -3.0
81 44 1.0
81 45 -2.0
81 46 -4.0
81 59 -3.0
81 85 -3.0
81 88 -1.0
81 93 -1.0
81 125 3.0
81 8216 -3.0
81 8221 -3.0
82 34 -1.0
82 42 -1.0
82 44 -1.0
82 45 -4.0
82 47 -3.0
82 59 -3.0
82 67 -3.0
82 71 -1.0
82 79 -1.0
82 85 -1.0
82 93 -2.0
82 8221 -2.0
83 41 -2.0
83 42 -1.0
83 44 -4.0
83 46 -2.0
83 47 -2.0
83 59 -3.0
83 91 2.0
83 93 -2.0
83 171 -1.0
83 8221 -2.0
84 34 2.0
84 41 4.0
84 42 1.0
84 44 -6.0
84 45 -5.0
84 46 -7.0
84 47 -7.0
84 58 -5.0
84 59 -9.0
84 63 3.0
84 65 -1.0
84 89 4.0
84 91 2.0
84 93 2.0
84 97 -5.0
84 99 -6.0
84 101 -7.0
84 105 -2.0
84 111 -7.0
84 114 -4.0
84 115 -4.0
84 117 -5.0
84 119 -4.0
84 121 -3.0
84 125 2.0
84 171 -2.0
84 339 -5.0
84 8217 3.0
84 8221 1.0
85 41 2.0
85 42 1.0
85 44 -4.0
85 45 1.0
85 47 -2.0
85 59 -3.0
85 68 2.0
85 82 1.0
85 91 2.0
85 93 -2.0
85 8216 -2.0
86 41 4.0
86 42 1.0
86 44 -9.0
86 45 -4.0
86 46 -9.0
86 47 -12.0
86 58 -4.0
86 59 -7.0
86 65 -2.0
86 71 -2.0
86 77 -2.0
86 79 -1.0
86 91 2.0
86 97 -6.0
86 101 -5.0
86 111 -3.0
86 114 -3.0
86 115 -3.0
86 117 -2.0
86 121 -2.0
86 125 3.0
86 171 -3.0
86 339 -3.0
86 8216 -2.0
86 8220 -1.0
86 8221 1.0
87 42 1.0
87 44 -8.0
87 45 -2.0
87 46 -9.0
87 47 -6.0
87 58 -2.0
87 59 -7.0
87 65 -2.0
87 79 -1.0
87 93 -1.0
87 97 -4.0
87 101 -4.0
87 109 -2.0
87 111 -3.0
87 114 -2.0
87 117 -2.0
87 121 -2.0
87 171 -3.0
87 339 -3.0
87 8216 -2.0
87 8220 -2.0
88 34 1.0
88 41 3.0
88 42 1.0
88 45 -3.0
88 47 -2.0
88 59 -2.0
88 67 -2.0
88 81 1.0
88 91 3.0
88 93 1.0
88 125 4.0
88 8221 2.0
89 41 2.0
89 42 1.0
89 44 -5.0
89 45 -4.0
89 46 -8.0
89 47 -10.0
89 58 -3.0
89 59 -7.0
89 63 1.0
89 65 -1.0
89 66 4.0
89 68 3.0
89 69 3.0
89 70 3.0
89 72 4.0
89 73 4.0
89 75 2.0
89 78 2.0
89 79 -3.0
89 80 3.0
89 82 3.0
89 83 -1.0
89 84 5.0
89 87 5.0
89 88 3.0
89 90 2.0
89 91 4.0
89 93 -1.0
89 97 -5.0
89 99 -4.0
89 101 -5.0
89 111 -5.0
89 114 -2.0
89 115 -2.0
89 117 -2.0
89 118 -3.0
89 125 2.0
89 171 -3.0
89 339 -5.0
89 8216 1.0
89 8217 2.0
89 8220 2.0
89 8221 1.0
90 41 1.0
90 42 1.0
90 44 -1.0
90 59 -2.0
90 65 4.0
90 79 -1.0
90 86 2.0
90 89 4.0
90 91 3.0
90 93 -1.0
90 101 1.0
90 105 2.0
90 119 -1.0
90 125 2.0
90 171 2.0
90 187 5.0
90 8216 1.0
90 8220 -2.0
91 67 -2.0
91 74 2.0
91 79 -3.0
91 81 -3.0
91 83 -2.0
91 85 -3.0
91 87 2.0
91 89 2.0
91 99 -2.0
91 106 3.0
91 108 2.0
91 110 -2.0
91 111 -2.0
91 113 -3.0
91 114 -3.0
91 115 -2.0
91 116 -3.0
91 117 -3.0
91 118 -2.0
91 119 -3.0
91 121 -2.0
92 48 -2.0
92 50 -4.0
92 51 -3.0
92 52 -2.0
92 53 -4.0
92 54 -4.0
92 55 -6.0
92 56 -3.0
92 57 -6.0
93 65 8.0
93 66 3.0
93 67 2.0
93 68 3.0
93 69 2.0
93 70 2.0
93 71 3.0
93 72 3.0
93 74 3.0
93 75 3.0
93 77 3.0
93 78 5.0
93 79 5.0
93 80 3.0
93 81 8.0
93 82 4.0
93 83 2.0
93 84 4.0
93 85 4.0
93 86 3.0
93 87 2.0
93 88 2.0
93 89 3.0
93 90 3.0
93 97 3.0
93 98 2.0
93 100 4.0
93 101 3.0
93 103 4.0
93 104 4.0
93 105 5.0
93 106 3.0
93 107 4.0
93 108 4.0
93 109 4.0
93 110 4.0
93 111 5.0
93 112 4.0
93 113 4.0
93 114 4.0
93 115 3.0
93 116 2.0
93 117 3.0
93 118 4.0
93 119 3.0
93 120 3.0
93 121 3.0
93 122 4.0
97 42 1.0
97 59 -4.0
97 86 -1.0
97 90 2.0
97 93 -2.0
97 99 -2.0
97 100 2.0
97 101 -1.0
97 102 -2.0
97 106 -3.0
97 114 -1.0
97 115 1.0
97 116 -4.0
98 41 -3.0
98 42 -2.0
98 44 -4.0
98 46 -4.0
98 59 -3.0
98 91 2.0
98 93 -2.0
98 97 -1.0
98 100 2.0
98 115 1.0
98 121 -2.0
98 8221 -7.0
99 41 -1.0
99 42 2.0
99 44 -2.0
99 46 -2.0
99 59 -3.0
99 93 -2.0
99 97 -2.0
99 99 -2.0
99 101 -1.0
99 107 -1.0
99 110 -1.0
99 111 -2.0
99 116 -2.0
100 59 -3.0
100 91 4.0
100 100 1.0
100 8216 -1.0
100 8220 -1.0
101 41 -2.0
101 42 2.0
101 44 -1.0
101 46 -2.0
101 86 -1.0
101 91 3.0
101 93 -2.0
101 99 1.0
101 100 3.0
101 102 -1.0
101 106 -5.0
101 112 1.0
101 114 1.0
101 115 1.0
101 116 -2.0
101 120 -2.0
101 121 -1.0
101 122 1.0
101 8221 -3.0
102 34 5.0
102 41 3.0
102 42 3.0
102 44 -4.0
102 46 -7.0
102 59 -3.0
102 91 5.0
102 93 3.0
102 97 -2.0
102 101 -1.0
102 102 -2.0
102 106 -4.0
102 111 -2.0
102 115 -1.0
102 116 -2.0
102 187 2.0
102 8216 2.0
102 8217 3.0
102 8220 5.0
102 8221 3.0
103 33 -2.0
103 41 2.0
103 45 -2.0
103 46 -1.0
103 58 -3.0
103 59 -2.0
103 63 -2.0
103 91 5.0
103 93 2.0
103 101 1.0
103 103 1.0
103 104 1.0
103 105 2.0
103 110 1.0
103 111 1.0
103 114 2.0
103 115 2.0
103 125 2.0
103 171 -3.0
104 34 -3.0
104 41 -2.0
104 42 -2.0
104 59 -3.0
104 91 4.0
104 105 1.0
104 116 -2.0
104 8221 -4.0
105 41 2.0
105 42 1.0
105 46 -2.0
105 59 -2.0
105 91 5.0
105 93 3.0
105 97 -1.0
105 99 -1.0
105 100 2.0
105 102 -3.0
105 106 -3.0
105 112 -1.0
105 113 -1.0
105 116 -4.0
106 41 2.0
106 42 2.0
106 44 -3.0
106 46 -4.0
106 59 -3.0
106 91 4.0
106 125 2.0
107 34 -2.0
107 41 -2.0
107 42 -2.0
107 46 -1.0
107 59 -2.0
107 84 -3.0
107 91 3.0
107 93 -2.0
107 97 -2.0
107 101 -2.0
107 108 -1.0
107 111 -1.0
107 8216 -3.0
107 8220 -3.0
107 8221 -2.0
108 41 -2.0
108 42 -2.0
108 44 -2.0
108 46 -5.0
108 59 -2.0
108 91 5.0
108 93 -2.0
108 97 -4.0
108 99 -2.0
108 101 -3.0
108 103 -2.0
108 105 -2.0
108 108 -1.0
108 111 -2.0
108 116 -6.0
108 117 -3.0
108 118 -2.0
108 119 -3.0
108 121 -2.0
108 232 -3.0
108 233 -2.0
108 8216 -2.0
108 8220 -3.0
108 8221 -1.0
109 41 -2.0
109 42 2.0
109 45 -1.0
109 46 -1.0
109 59 -2.0
109 91 2.0
109 93 -3.0
109 101 1.0
109 105 1.0
109 109 2.0
109 8221 -2.0
110 41 -2.0
110 42 2.0
110 44 -2.0
110 59 -2.0
110 91 2.0
110 93 -2.0
110 100 2.0
110 101 1.0
110 103 1.0
110 105 1.0
110 111 1.0
110 116 -2.0
110 117 1.0
110 8217 -4.0
110 8221 -3.0
111 34 -2.0
111 41 -1.0
111 42 2.0
111 44 -4.0
111 45 2.0
111 46 -4.0
111 59 -2.0
111 70 2.0
111 91 2.0
111 93 -2.0
111 97 1.0
111 99 1.0
111 100 3.0
111 103 1.0
111 105 2.0
111 106 -3.0
111 109 2.0
111 110 1.0
111 111 2.0
111 112 2.0
111 113 1.0
111 114 1.0
111 115 1.0
111 116 -2.0
111 117 2.0
111 118 2.0
111 119 1.0
111 120 -1.0
111 121 1.0
111 122 2.0
112 34 -4.0
112 41 -2.0
112 42 -2.0
112 44 -4.0
112 46 -3.0
112 59 -3.0
112 91 2.0
112 93 -2.0
112 98 -1.0
112 101 1.0
112 111 1.0
112 114 -1.0
112 116 -4.0
112 233 -1.0
112 8221 -4.0
113 34 -2.0
113 41 2.0
113 42 -2.0
113 59 -2.0
113 91 2.0
113 93 -3.0
113 105 1.0
113 125 3.0
113 8221 -3.0
114 41 -2.0
114 42 3.0
114 44 -6.0
114 45 2.0
114 46 -7.0
114 47 -4.0
114 58 -1.0
114 59 -3.0
114 63 2.0
114 80 2.0
114 91 2.0
114 93 -2.0
114 97 -4.0
114 99 -1.0
114 101 -1.0
114 103 -1.0
114 104 2.0
114 105 1.0
114 108 1.0
114 109 2.0
114 110 1.0
114 111 -1.0
114 112 2.0
114 113 -1.0
114 114 2.0
114 115 1.0
114 117 2.0
114 118 4.0
114 119 2.0
114 121 2.0
114 226 -2.0
114 233 -2.0
114 339 -1.0
115 33 -2.0
115 34 -3.0
115 41 -3.0
115 42 1.0
115 44 -2.0
115 45 -3.0
115 46 -3.0
115 58 -2.0
115 59 -4.0
115 63 -2.0
115 91 2.0
115 93 -2.0
115 98 -1.0
115 99 -1.0
115 116 -3.0
115 171 -2.0
115 8216 -4.0
115 8220 -6.0
115 8221 -3.0
116 34 -2.0
116 41 -2.0
116 42 2.0
116 44 -7.0
116 45 -5.0
116 46 -6.0
116 47 -5.0
116 59 -3.0
116 91 3.0
116 93 -3.0
116 97 -4.0
116 99 -2.0
116 101 -3.0
116 109 2.0
116 111 -2.0
116 116 -2.0
116 232 -2.0
116 233 -2.0
117 34 -2.0
117 41 2.0
117 42 -2.0
117 44 -1.0
117 47 -2.0
117 59 -3.0
117 70 2.0
117 91 2.0
117 93 -2.0
117 100 3.0
117 102 -2.0
117 108 1.0
117 109 2.0
117 110 1.0
117 112 1.0
117 114 1.0
117 115 2.0
117 116 -3.0
117 8221 -2.0
118 33 -1.0
118 42 2.0
118 44 -7.0
118 45 -3.0
118 46 -5.0
118 47 -5.0
118 59 -5.0
118 91 3.0
118 93 -3.0
118 97 -3.0
118 121 1.0
118 171 -1.0
119 42 2.0
119 44 -4.0
119 45 -1.0
119 46 -3.0
119 47 -5.0
119 59 -2.0
119 91 2.0
119 93 -3.0
119 100 2.0
119 104 1.0
119 105 2.0
119 110 1.0
119 117 2.0
119 118 2.0
119 121 2.0
119 8221 2.0
120 41 -2.0
120 42 2.0
120 44 -1.0
120 45 -3.0
120 47 -2.0
120 59 -4.0
120 91 3.0
120 93 -3.0
120 97 -2.0
120 98 -1.0
120 99 -2.0
120 101 -1.0
120 104 -1.0
120 105 -1.0
120 107 -1.0
120 108 -1.0
120 109 -1.0
120 110 -1.0
120 111 -2.0
120 112 -1.0
120 114 -1.0
120 117 -1.0
120 119 -1.0
121 33 -1.0
121 42 1.0
121 44 -5.0
121 45 -2.0
121 46 -6.0
121 47 -8.0
121 59 -4.0
121 91 3.0
121 93 -3.0
121 97 -2.0
121 99 -1.0
121 101 -2.0
121 103 -2.0
121 111 -2.0
121 119 1.0
121 171 -1.0
121 187 1.0
121 8217 3.0
122 41 -2.0
122 42 1.0
122 44 -1.0
122 45 -3.0
122 47 -2.0
122 59 -2.0
122 93 -3.0
122 101 -3.0
123 65 3.0
123 74 1.0
123 80 1.0
123 86 1.0
123 89 2.0
125 75 5.0
125 81 7.0
125 82 5.0
161 74 1.0
161 106 2.0
161 112 2.0
171 74 2.0
171 118 2.0
171 121 2.0
187 84 -5.0
187 86 -3.0
187 89 -3.0
187 90 -3.0
191 106 2.0
191 112 2.0
223 44 -2.0
223 45 -3.0
223 46 -3.0
223 58 -2.0
223 59 -5.0
223 171 -3.0
223 8217 -4.0
223 8221 -7.0
233 99 -1.0
233 101 -2.0
233 113 -1.0
233 116 -3.0
338 45 -3.0
338 67 -1.0
338 79 -1.0
8216 65 -6.0
8216 67 -4.0
8216 71 -4.0
8216 72 -1.0
8216 73 -2.0
8216 75 -1.0
8216 76 -2.0
8216 77 -4.0
8216 78 -3.0
8216 79 -3.0
8216 80 -2.0
8216 81 -3.0
8216 83 -3.0
8216 85 -2.0
8216 87 2.0
8216 88 -3.0
8216 100 -2.0
8216 102 -3.0
8216 8216 -3.0
8217 32 -3.0
8217 100 -9.0
8217 108 -3.0
8217 109 -5.0
8217 114 -6.0
8217 115 -11.0
8217 116 -9.0
8217 118 -6.0
8217 8217 -4.0
8217 8221 -5.0
8218 66 -2.0
8218 67 -4.0
8218 68 -2.0
8218 69 -2.0
8218 70 -1.0
8218 71 -4.0
8218 72 -2.0
8218 73 -2.0
8218 74 4.0
8218 75 -2.0
8218 76 -1.0
8218 78 -2.0
8218 79 -4.0
8218 80 -2.0
8218 81 -4.0
8218 82 -2.0
8218 84 -6.0
8218 85 -4.0
8218 86 -7.0
8218 87 -4.0
8218 89 -6.0
8218 90 -2.0
8220 65 -6.0
8220 66 1.0
8220 67 -4.0
8220 68 3.0
8220 69 1.0
8220 71 -2.0
8220 73 -1.0
8220 74 2.0
8220 76 1.0
8220 77 -1.0
8220 79 -4.0
8220 81 -3.0
8220 82 1.0
8220 83 -3.0
8220 84 2.0
8220 85 -1.0
8220 86 2.0
8220 87 2.0
8220 88 -1.0
8220 89 2.0
8220 90 1.0
8220 100 -4.0
8220 102 -4.0
8220 106 -6.0
8220 111 -4.0
8220 113 -4.0
8220 115 -2.0
8220 8216 -3.0
8221 32 -5.0
8221 89 1.0
8221 102 -3.0
8221 223 -2.0
8222 66 -2.0
8222 67 -4.0
8222 68 -2.0
8222 69 -2.0
8222 70 -1.0
8222 71 -4.0
8222 72 -2.0
8222 73 -2.0
8222 74 4.0
8222 75 -2.0
8222 76 -1.0
8222 78 -2.0
8222 79 -4.0
8222 80 -2.0
8222 81 -4.0
8222 82 -2.0
8222 84 -6.0
8222 85 -4.0
8222 86 -7.0
8222 87 -4.0
8222 89 -6.0
8222 90 -2.0
